9110592.0
5151285.8
3625817.4
2781061.6
2278043.2
1954240.8
1726372.6
1532859.8
1404208.8
1232117.2
1180062.8
1085670.8
990807.0
965345.6
876897.8
860276.8
773047.8
761875.6
748266.8
668718.8
655560.2
646583.0
639089.8
629089.8
554937.2
547676.8
541368.6
532794.8
526945.2
523855.4
520085.4
515712.2
508869.0
438249.4
435347.8
431816.2
425805.6
424744.0
420968.8
422346.6
416560.0
414085.2
411109.2
406840.0
408922.2
408535.8
405242.2
401815.8
396741.0
336222.2
332252.4
331502.2
331150.4
330598.8
327918.2
338572.6
328994.8
343915.0
336089.6
320847.6
327153.2
326271.0
318527.6
323943.6
359486.8
355934.0
353148.0
353158.6
354201.2
356116.6
345143.4
348019.2
352722.2
343268.2
339439.2
347751.6
343838.0
340831.8
336141.4
338400.2
341680.2
340641.2
331696.4
337207.8
335586.0
332672.2
336363.6
327599.2
328447.0
330116.0
327532.4
329593.8
333289.6
331024.2
327154.0
326251.0
322558.8
323403.2
325357.8
472413.0
437591.2
366500.6
466683.8
396532.8
476893.6
415444.6
450726.8
465048.8
408489.4
458163.8
454082.4
445052.4
394514.8
438495.8
409415.0
360822.8
424319.2
407293.8
433919.4
425114.4
421862.8
350901.0
365929.8
393339.6
383242.4
395582.6
378550.8
324095.6
426985.2
449213.2
464970.8
433055.8
438345.2
437540.4
449604.0
436050.0
427628.8
441361.2
415878.0
469648.4
420924.6
489016.8
534902.4
410375.4
407197.4
424514.4
461000.4
421766.8
437782.0
373006.0
371025.8
440963.6
415017.0
386429.4
384873.4
417977.4
429971.6
406921.8
400350.6
379534.0
407243.4
391581.8
438999.4
378949.0
392423.0
391742.6
356568.0
371860.0
373653.8
418429.4
370845.8
418506.8
414061.4
416553.8
396307.4
376325.6
389001.6
350474.4
378162.0
349367.6
373855.8
359938.4
409746.4
394694.8
402955.0
342873.8
362239.0
371906.0
369410.4
407088.4
390601.0
365341.2
344782.6
433073.0
376059.0
395646.6
388171.4
368171.8
387796.8
371638.0
404396.8
417784.2
420437.0
359308.0
381621.2
433420.0
430083.0
387124.0
446100.0
444307.6
400922.8
422228.2
432296.2
454536.4
413648.4
447646.0
431992.0
456582.6
428921.4
433317.2
401677.2
417031.0
441298.8
432598.0
425660.0
475830.6
385345.2
421268.0
410063.8
424928.4
397684.2
433567.4
450908.8
405995.4
448881.0
441039.0
403605.0
403625.0
437424.4
403374.4
457322.4
405811.6
393153.0
465035.0
431628.8
419506.0
474614.2
421718.2
509491.0
464139.0
451067.4
416694.2
418120.4
521966.2
451309.6
444392.6
