3454222.2
1826549.8
1226371.4
917196.4
734411.2
613193.0
526623.2
463737.8
413616.0
374041.0
341226.2
314222.6
292107.0
273331.6
256138.8
242133.2
229228.6
218268.4
208008.0
199567.4
191588.2
185010.2
178022.0
172644.4
167030.8
161922.6
156612.8
153342.2
148939.2
145262.4
142738.2
139818.4
135822.8
134390.6
131574.2
128781.2
127297.8
125342.6
123107.4
122774.6
120067.8
119489.4
117859.6
116227.6
114855.4
114214.6
112009.4
111911.2
111010.4
111911.2
109586.6
108402.8
107684.4
107607.2
106489.8
106180.0
104595.4
105351.8
104964.4
104394.0
103879.2
103078.0
102882.4
138157.4
137619.8
135702.6
134996.6
134150.6
134542.0
133629.2
132867.0
132762.0
131936.2
132246.4
130755.0
131168.2
131131.4
130250.6
129698.6
129473.4
129228.6
127929.0
127233.6
128692.6
128765.2
127993.6
128988.2
128992.6
128234.8
127441.6
127213.4
128037.4
127861.6
127440.2
127095.2
128364.6
127220.8
126066.2
127342.6
128988.8
126793.2
128505.2
128278.8
127874.8
128998.0
128240.6
127708.2
130552.8
127541.4
129125.4
128727.8
127753.6
130247.8
128814.4
130555.6
129781.8
130898.6
130085.4
130133.0
132300.8
133025.2
132161.2
133617.2
129443.0
132730.8
131079.4
133559.6
161997.4
164277.2
165292.4
161214.6
160899.2
160887.6
161470.6
159874.4
159941.6
160822.4
162397.6
159187.4
161140.6
159981.6
160070.0
159435.8
162207.6
161251.8
159781.8
160680.6
160715.6
160514.8
160253.0
159202.6
160096.0
161275.8
161718.8
157740.2
159991.6
161387.4
161140.6
157698.4
160412.4
161861.6
159120.0
159011.2
163062.4
157484.6
162232.8
158240.4
159686.0
160539.4
160755.4
159878.2
159884.4
158776.4
160776.2
159361.8
160509.8
159670.0
159775.2
159841.6
160571.4
160467.0
160482.2
164644.4
176409.4
171936.4
166769.2
173796.6
165810.6
172848.6
170912.4
174037.2
182757.6
188268.4
189051.0
185631.0
190668.8
188091.2
191990.4
188593.0
193782.8
192610.0
191767.0
193702.8
194477.8
188347.8
195109.4
191755.4
200054.2
195751.8
202784.8
216299.0
198029.6
201709.6
203750.2
202810.4
201275.0
203837.0
206015.8
210302.2
207247.4
208660.8
210004.6
219223.0
219758.2
216814.2
224809.2
216912.2
220749.6
223137.6
227863.0
223261.0
226779.0
230033.6
237136.6
230665.8
238331.6
230848.8
236915.8
245590.4
240915.2
249073.6
247798.8
247927.0
250418.6
249775.0
253418.0
258568.6
260987.8
256696.6
263680.4
262165.6
262335.4
262905.6
278479.0
269336.0
340823.6
