8849518.0
4998355.2
3530429.2
2712864.2
2233837.0
1918291.2
1701245.2
1504443.6
1425426.0
1204917.2
1171829.4
1074500.0
998396.2
949654.6
866196.6
849643.4
783626.0
771477.8
756443.8
662199.0
648331.8
646212.2
635449.8
627683.8
550789.6
589897.2
614716.6
590068.6
590619.6
581383.0
592807.0
573884.6
532912.2
508887.2
589927.4
595473.2
611695.8
598952.0
587424.8
611530.4
587217.8
604304.0
574716.8
603948.6
602426.0
607877.8
609100.2
609965.4
606278.6
548975.0
568117.4
575018.4
567146.0
562787.8
552890.6
559306.4
576453.4
567905.6
560722.0
553862.0
548816.8
560450.2
554823.8
537657.4
543295.4
555548.0
550343.0
534380.2
527105.6
530844.6
550771.6
528429.4
523536.2
519919.2
535259.2
530355.2
528404.8
507740.2
516964.6
526817.0
518607.2
507402.8
516837.0
504706.2
506474.2
513311.2
502973.0
514262.2
524620.4
487030.4
501344.6
514360.2
502409.8
479931.2
497432.2
489131.6
492115.6
481045.8
481583.8
485397.8
472186.2
475619.4
466264.2
481087.8
468882.6
468936.6
481331.8
474310.4
484399.4
461745.6
483415.2
480671.8
462249.8
486976.6
471011.8
481004.8
482347.6
459354.8
488689.2
477213.8
476678.2
485807.2
473958.0
489054.6
479959.8
478485.0
507187.8
478715.2
469167.8
480264.4
461965.4
486077.4
471546.4
465560.8
505006.8
485168.4
485154.2
484011.8
511032.8
498750.0
503767.4
514787.8
472868.0
528917.2
493835.0
496788.6
506956.6
466943.4
488190.0
489422.2
505662.4
498416.0
492758.8
492747.0
514580.4
511062.4
497455.6
505886.2
478384.4
504743.6
516070.2
496575.8
492379.8
510464.4
515828.0
504255.4
557640.6
496798.6
521847.0
518741.0
503664.8
524318.0
542526.0
529448.2
550600.8
509082.4
520463.6
511452.2
570370.2
567892.4
553253.4
528416.8
538400.4
526165.4
529854.0
533953.2
529390.8
565582.0
542816.2
557594.8
575614.8
559838.0
553173.6
570227.0
580975.2
570589.6
573466.0
569455.8
557365.8
548945.2
552560.2
581634.6
581867.2
553559.8
585781.0
567666.2
565314.6
594753.0
569267.8
602598.8
569958.4
586701.4
572251.6
576083.0
591624.8
603063.2
628890.2
588263.0
592258.8
599668.2
591365.0
580189.0
586504.6
578331.6
588875.0
603186.2
588448.4
591826.4
628024.6
607319.6
593151.2
578845.0
593628.0
608873.6
590842.6
631251.0
635336.8
614203.6
649255.0
588939.2
634006.2
615528.2
618937.0
619069.8
613291.2
606983.0
653372.0
612817.4
651904.0
621830.0
663608.8
637920.0
608753.0
623315.0
616445.0
670987.2
