4674851.2
4759230.4
4719310.2
4698567.0
4684536.2
4681117.4
4676329.2
4678584.2
4668574.6
4683375.8
4673313.6
4675804.6
4676712.4
4670745.8
4670998.6
4673369.0
4669662.4
4663726.8
4663114.0
4672621.4
4670431.8
4678939.4
4671808.8
4662816.4
4661623.0
4662443.4
4658003.6
4667552.4
4652266.0
4663528.8
4662748.0
4667616.6
4666845.8
4660886.0
4670324.2
4667701.2
4671101.8
4670197.0
4672500.6
4674507.6
4674161.6
4665577.4
4677560.6
4685538.6
4673193.2
4679368.8
4685149.4
4678391.6
4673586.8
4682339.6
4673689.4
4661097.0
4675968.6
4676533.6
4679129.4
4681792.8
4684176.6
4680407.6
4682886.8
4689255.4
4674171.2
4680164.2
4683362.4
4714001.6
4719539.4
4721180.0
4718202.4
4717213.8
4713285.2
4756098.8
4751530.8
4737264.6
4722455.6
4842718.8
4868919.8
4747939.0
4783302.4
4851752.4
4837570.8
4712139.4
4718813.6
4831131.6
4846402.4
4879643.6
4752748.8
4815713.4
4897964.8
4933454.6
4802940.2
4720614.8
4872778.6
4918751.2
4927714.0
4884330.8
5004151.8
4917055.0
4879990.4
4777505.2
4724448.6
4726589.4
4732212.2
4876529.0
4942842.0
4943367.2
4943260.4
4912180.2
5174219.2
5067584.4
4929224.0
4801285.2
4731997.8
4860892.2
4897873.0
4895346.8
4891286.2
4889679.4
4892090.8
4897272.4
4881482.4
4743059.4
4733683.2
4740505.4
4901578.4
4857756.6
4920649.6
4954219.2
4910651.4
4967200.6
4955909.8
5000058.0
5132862.2
5305713.8
4788204.8
4770564.8
4765565.8
4770288.6
4760731.8
4757926.4
4759430.2
4767005.6
4763545.4
4833009.8
4924862.6
4923490.4
4904696.0
4893115.0
4763461.6
4773653.4
4763417.4
4764339.0
4765841.6
4763915.8
4775191.8
4779263.2
4757677.2
4762744.8
4766113.0
4770459.8
4771910.8
4974907.4
5380211.0
5636524.2
4909776.4
4769434.4
4761981.6
4763694.4
4762703.2
4766791.4
4768849.4
4767214.8
4767098.2
4775684.8
4767692.8
4761800.6
4775933.2
4778383.0
4768331.2
4773273.0
4777066.4
4767886.0
4769100.4
4774243.2
4773187.4
4784478.0
4767230.4
4762906.4
4769103.4
4784848.2
4776785.2
4771991.6
4782457.4
4804037.4
4798540.4
4798355.0
4816256.4
4795983.8
4799639.2
4804974.6
4800197.6
4799682.0
4797824.6
4797444.2
4813189.4
4800743.4
4801634.0
4802355.4
4801572.4
4804346.6
4796730.8
4814011.8
4799230.8
4802828.4
4802273.6
4798782.4
4806164.8
4793199.6
4815260.8
4803898.0
4801315.6
4802732.4
4793512.8
4802076.2
4795469.4
4794613.4
4797168.8
4797026.8
4812737.0
4794418.2
4805247.8
4812667.4
4819801.2
4811044.8
4817617.6
4813432.0
4809296.4
4805547.0
4815501.6
4823906.8
4818516.8
4810613.0
4809309.2
4811828.6
4807287.6
4827865.4
4826008.0
4826013.0
4825777.2
4826532.2
4820561.4
4818896.8
4816823.2
4827827.6
4815907.8
4818277.4
4822571.0
4883597.0
