119791834.0
61566051.2
41614653.2
33178196.0
25959753.2
23705986.0
19878437.4
18192031.2
18093347.2
14642111.0
13657770.8
12467271.6
10752441.8
10406621.0
9757746.4
9408105.2
8468392.6
8312520.8
7837082.0
7954537.4
7073108.8
6190135.2
6102045.6
6453791.4
6515110.6
5843193.0
5778245.2
5794854.8
5433132.8
5983419.8
5200020.6
4670921.2
5029762.8
4452316.8
4328834.0
4378592.6
4470054.8
4212883.4
4013022.0
4087456.0
4123225.6
4170873.0
4153296.6
3993071.2
4915785.8
4325830.4
3722597.0
3660055.6
3608009.4
3610167.2
3614781.2
3652249.6
3556117.8
3338840.4
3169818.2
3360758.6
3362823.6
3276612.2
3028589.8
3375220.0
3422545.0
3463589.2
3447765.2
3368751.2
3364532.8
3588787.4
3368372.4
3450302.2
3228049.4
3267288.6
3206851.4
3178324.8
3346051.2
3282120.0
2939857.0
2898639.0
2867382.2
2847457.4
2908159.4
2798839.8
2813897.2
2828690.0
2723543.0
2769642.0
2843879.8
2928786.6
2898121.4
2814126.2
2873218.6
2740352.4
2775959.6
2976945.4
3108818.6
3205157.8
2689405.6
2692364.2
2850132.6
2872073.2
2856934.4
2993820.0
2949515.2
2766661.8
2955226.6
2926469.2
2926280.2
2870869.4
2883181.6
2862532.8
2849918.4
2857907.8
2699773.0
2775306.4
2802994.6
2795202.2
2706774.4
2634190.4
2708828.2
2685341.0
2683633.0
2644714.6
2544606.6
2570031.8
2556958.0
2477071.6
2453822.0
2363520.6
2514627.8
2523884.0
2507196.2
2495149.2
2491117.2
2469349.8
2456027.6
2448530.4
2443294.8
2450513.2
2396037.4
2394471.0
2352907.0
2363746.6
2377247.0
2307083.4
2342540.4
2288656.0
2287615.4
2263432.6
2234208.2
2230531.2
2212031.4
2232264.2
2216710.8
2272071.2
2233370.6
2234765.6
2173509.2
2245902.6
2182640.2
2230551.8
2240510.6
2217340.2
2170232.6
2206134.4
2081937.4
2160073.4
2181936.6
2201239.2
2200855.8
2217666.4
2163443.0
2190900.2
2205383.2
2199557.0
2179274.2
2161394.4
2164853.8
2139210.8
2108140.8
2123507.4
2124973.8
2108048.4
2069341.2
2106982.8
2093894.2
2091345.2
2057844.4
2079760.2
2069549.8
2056479.4
2052288.2
2042123.2
2032690.4
2023303.0
2013101.2
2005014.6
1998959.6
1988521.2
1979940.2
1972022.0
1962937.4
1954506.8
1946407.4
1938167.2
1928357.2
1922395.4
1910572.2
1904116.8
1897767.2
1890847.0
1884110.6
1873544.8
1866796.8
1856616.4
1853648.8
1846579.6
1838176.0
1830388.6
1826834.0
1823129.8
1816248.8
1809389.8
1799935.8
1796306.6
1787830.0
1791187.4
1778376.4
1780818.2
1769032.0
1760221.6
1757465.2
1750283.4
1749189.6
1743539.6
1735150.0
1727258.0
1720594.6
1718127.2
1705979.8
1698798.4
1702136.2
1696555.6
1694538.0
1692385.6
1680568.8
1683366.4
1673864.2
1674513.4
1677247.8
1669010.4
1664680.8
1656598.4
1655845.0
1652554.4
1652387.2
1659942.8
1685727.4
1651535.0
