131285009.4
65788704.2
44227726.2
32893734.4
26331529.6
21946054.6
18821276.2
16479714.6
14654612.4
13195108.2
12078130.0
11129436.0
10163183.4
9444886.8
8819725.2
8276451.8
7783861.2
7355543.6
6969636.0
6620995.0
6309396.2
6026878.6
5762990.6
5556266.6
5332694.6
5122299.8
4930814.2
4747578.0
4586044.0
4434994.2
4292130.4
4162753.0
4034817.4
3921168.6
3813765.2
3714308.8
3607469.4
3517463.4
3425865.0
3342875.6
3261395.6
3188311.2
3112142.4
3047282.0
2979248.2
2918737.6
2857363.2
2801744.8
2744305.8
2695134.6
2652168.0
2599799.4
2546271.4
2500558.0
2457387.6
2458216.8
2374421.4
2343065.4
2337301.2
2268712.0
2231892.0
2191858.2
2159615.0
3337733.2
3325400.2
3263686.6
3214957.8
3162625.8
3106734.0
3068915.2
3034180.8
2989826.8
2949340.0
2911954.0
2876540.2
2839953.2
2804015.2
2771662.8
2735372.0
2704355.2
2670437.8
2652280.0
2608276.6
2577371.2
2549742.8
2520022.6
2491763.0
2472437.6
2443403.8
2414444.8
2394722.6
2370967.4
2343958.4
2317294.4
2293784.2
2276751.8
2250644.6
2229695.8
2208824.4
2188816.8
2169649.2
2151515.2
2131022.4
2109793.4
2092080.0
2072739.6
2052386.0
2036478.2
2027719.6
2013371.4
1993738.2
1968649.8
1959323.6
1937166.8
1923720.0
1926306.6
1896702.6
1877844.2
1865169.4
1854912.0
1837370.8
1827736.2
1856233.0
1862991.4
1906016.4
1880612.6
1898249.4
2494260.2
2540296.4
2512514.8
2493152.0
2477993.8
2482652.2
2518880.0
2491680.8
2436230.6
2395998.8
2392820.8
2378921.2
2356199.0
2346587.0
2334104.4
2326404.2
2302976.6
2286060.2
2614802.6
2255258.8
2275789.8
2306593.4
2242337.6
2225516.8
2210510.6
2216138.4
2322645.6
2204464.6
2147452.2
2114712.0
2116885.4
2110872.2
2275060.8
2081903.8
2073857.8
2076450.2
2124428.0
2149950.8
2158959.0
2083703.6
2037763.4
2101189.4
2035825.2
1982180.2
2174993.0
2057735.2
2172459.4
2055369.8
2107977.8
1955359.6
2036800.0
1981879.6
2071222.8
2043475.0
2100852.8
1882536.2
2000427.0
1922233.0
2000414.0
2098705.0
2096391.4
2071115.0
2063860.0
2039500.0
2056967.8
2065650.0
2051983.2
2040377.2
2035447.6
2014887.8
2018535.0
2002992.4
1994017.4
1991522.8
1982365.0
1967154.6
1956028.0
1954281.8
1948325.2
1939047.4
1929441.8
1919119.4
1916065.0
1914852.4
1906233.0
1892847.2
1883675.0
1879912.0
1878108.2
1868751.6
1862013.8
1854867.0
1849175.6
1833022.4
1852184.0
1830603.6
1826553.4
1813310.6
1806755.6
1803171.6
1801380.6
1787938.2
1784118.6
1775034.2
1774697.6
1760887.4
1756341.6
1749968.6
1755377.6
1739126.0
1739181.6
1738215.4
1734033.6
1724756.4
1717860.6
1713892.8
1705637.2
1712396.6
1702573.6
1698396.0
1696408.2
1689479.2
1674665.4
1670466.2
1666429.2
1660158.0
1656764.8
1654123.2
