124869074.6
63491821.2
42671186.0
32150818.8
25449283.8
22099819.6
18097210.6
15842851.8
14083144.6
12672791.8
11532384.4
10572499.4
9767535.4
9073304.6
8473190.2
7957778.6
7723470.4
7065791.2
6693515.2
6359171.2
6057527.4
5783305.6
5532462.2
5303496.6
5093247.2
4899664.8
4724622.6
4556486.6
5208172.0
4249116.8
4111118.0
3985299.0
3864138.6
3753384.4
4236624.4
3960273.0
3455157.6
3367976.0
3279734.2
3197402.8
3123614.2
3055219.2
3120357.4
2913357.2
2844206.6
2810991.0
2728974.6
2674883.6
2613868.4
2570530.2
2522173.8
3367053.4
2428214.0
2381523.6
2337096.0
2299856.4
2260805.0
2219076.8
2183564.4
2155594.8
2112951.2
2115585.6
2047129.2
2035167.4
3176435.2
3187632.6
3140789.4
3100412.4
3057397.6
3013854.2
2972199.4
2932044.0
2890237.2
2851778.2
2813830.4
2777618.6
2741616.4
2709177.8
2673095.8
2640624.6
2611071.2
2583093.4
2549827.0
2522874.8
2487252.6
2463971.0
2433104.2
2406263.8
2378020.8
2352060.0
2315146.4
2293028.4
2263868.6
2245575.2
2222127.0
2200195.0
2180241.4
2162404.8
2139257.4
2117287.0
2097349.8
2075318.0
2055659.4
2040442.4
2018273.4
2000143.8
1978622.8
1963930.2
1947096.0
1929109.2
1915290.6
1898250.2
1880768.6
1869248.6
1851623.8
1833379.0
1818198.4
1807593.4
1790674.6
1773945.0
1762106.2
1744836.8
1763785.0
1722891.8
1704639.8
1693241.0
1683596.6
1739111.6
2418842.0
2432883.6
2421341.4
2399860.8
2386764.6
2365753.2
2347932.2
2333138.2
2316684.4
2300429.4
2287592.6
2264094.0
2253820.2
2243867.6
2225121.8
2222152.2
2201723.2
2172336.6
2170773.0
2151178.2
2143189.8
2123083.4
2110927.2
2105024.2
2080928.0
2074604.8
2067170.6
2051339.4
2044162.8
2026221.6
2006740.4
2007226.0
1987110.6
1982099.4
1965776.0
1941674.6
1947718.2
1943040.2
1926110.6
1898861.8
1898670.4
1887980.6
1860370.8
1866209.4
1850937.2
1834306.4
1828631.2
1821952.0
1823594.2
1818777.6
1799456.8
1790233.4
1773485.6
1767275.8
1756073.0
1759752.2
1746925.0
1731141.6
1723636.2
1718845.8
1712332.6
1704650.2
1687866.6
1684047.8
1946354.0
1937423.8
1927067.8
1926778.6
1918792.6
1904868.0
1894574.8
1888368.6
1882873.6
1872365.6
1862242.6
1861864.8
1846532.0
1836989.4
1829979.6
1822707.4
1815161.4
1804603.6
1797741.2
1789654.8
1782557.0
1778444.0
1765450.0
1758063.4
1746837.2
1742802.6
1737602.8
1732483.2
1722583.2
1714892.2
1709492.8
1714368.4
1696572.2
1692808.2
1680576.4
1674245.6
1678079.8
1660086.8
1655105.6
1646842.0
1647521.0
1647067.2
1629600.0
1625037.8
1615227.0
1609901.8
1608288.0
1596604.4
1591436.6
1588324.2
1578593.2
1579279.0
1565308.2
1559365.8
1557793.8
1555985.4
1546653.0
1541258.0
1532735.6
1527487.8
1522843.6
1522460.2
1517114.2
1514462.4
