3219055.0
1712222.4
1143904.2
861772.0
689734.4
595380.2
497652.0
437402.6
388213.0
353268.2
322758.4
297549.8
276475.4
256635.6
243400.4
226645.6
225066.2
206516.8
196297.6
188074.4
179675.4
174964.0
172094.8
166976.6
174594.4
201176.2
168061.4
202945.8
184061.2
198019.4
238965.8
231848.2
213389.0
235310.2
220641.8
214710.0
242188.2
239583.6
243353.4
245374.4
241942.0
231796.2
241659.8
241302.6
240847.2
238684.2
235324.6
230704.2
227760.8
223906.2
220824.4
216652.8
213847.6
211183.6
208131.6
205968.8
204256.2
200074.0
197876.2
195136.6
193229.6
192453.0
190143.4
190840.6
186414.8
185466.0
182060.6
184909.6
187437.0
178350.4
179759.0
176457.6
183108.8
176287.0
178547.4
183692.6
172213.6
185527.2
170803.8
175107.0
179901.4
174113.0
172935.0
179417.4
172656.6
179101.4
180902.2
173680.8
197742.4
177711.0
184327.4
187005.2
182705.8
189182.8
170621.4
183089.8
191176.2
191834.0
192772.4
190407.2
179309.6
182823.2
191855.8
184334.4
197531.2
196202.4
198107.6
183604.0
185725.6
198899.4
191746.0
205068.2
206417.8
204389.8
207434.6
222174.8
211372.8
208545.6
207235.0
228663.4
210578.0
215475.8
198620.0
221907.2
222488.0
205845.6
200901.6
228078.0
214231.6
221863.8
204735.8
213814.0
227565.6
216038.8
222342.6
233478.8
218484.0
231534.6
216882.6
225721.0
227254.0
222102.2
227607.6
213283.8
229344.8
218519.8
220695.2
232927.6
229330.2
214384.6
237731.8
232918.4
220096.0
237944.4
223266.8
232739.4
241688.6
228060.2
239771.8
243866.8
226551.8
231343.2
240559.8
241393.2
247288.8
242660.8
245757.6
245029.2
234860.2
249259.4
254253.6
260314.0
233315.0
256770.4
247968.6
254902.4
265984.0
245277.2
253351.2
263481.2
259449.8
258258.8
269795.0
254427.2
270268.2
252992.4
289222.4
266941.8
271150.0
254917.6
267966.6
278644.4
269109.6
281467.0
273583.4
266556.8
269746.0
287200.8
262371.6
284800.2
288721.8
274185.0
293086.8
267819.4
293053.0
301626.6
280278.4
296720.6
283010.2
290748.4
303719.4
305419.4
291104.4
300712.2
297020.2
285097.4
295591.4
301839.6
289667.4
310537.2
288336.2
293597.4
306541.0
293654.6
301528.4
298907.4
303711.4
298641.4
288863.2
318641.2
317188.4
315678.8
301869.8
302936.4
332647.6
302342.8
328419.6
318245.0
313228.8
326913.2
312330.6
317963.8
321955.8
323566.8
310681.6
314065.2
312530.0
348101.2
327643.6
342232.0
332999.8
327614.0
322495.6
343404.8
335070.8
345180.2
