3338092.2
1753693.6
1171766.6
878753.0
702138.4
585483.2
502075.2
439978.2
391357.6
353125.4
321354.2
295590.6
273275.0
254483.2
238151.4
223842.6
211160.8
200598.2
190404.6
181651.4
173476.0
166398.6
159311.2
153407.8
147373.6
142610.8
138188.6
133516.4
129034.4
126865.6
122067.2
119474.0
115665.0
114126.8
110730.4
107587.4
105274.6
103434.4
101477.0
98938.8
97078.0
97186.6
93399.4
91880.0
90010.8
89212.8
87757.6
86275.8
85533.4
84028.0
82947.8
81574.2
80740.6
80109.2
78206.4
77746.8
76693.4
75753.4
74565.2
74129.2
73478.8
73067.8
72071.0
71515.4
104937.4
104386.4
103343.6
102379.8
101660.2
102277.0
99665.4
98775.6
97970.0
97106.0
96292.2
95582.0
94571.2
93935.4
93499.6
92722.2
93052.2
91027.8
90608.8
90230.6
89605.2
88936.4
88413.6
87949.8
87482.6
87137.2
86381.6
86137.8
85480.4
85529.6
85307.4
84618.2
83705.4
83608.0
82945.0
82410.6
82133.6
82124.6
81596.0
81556.6
81176.8
81181.2
80665.2
80365.0
79960.4
80077.6
79548.0
79266.6
79145.2
78808.2
78616.6
78342.0
78189.6
77744.2
77750.6
77801.2
77417.4
77046.0
76865.0
76797.0
76470.0
76806.0
76326.8
77651.2
99018.6
93304.6
96490.2
99784.2
99090.8
96277.2
97925.8
91485.8
96061.4
95140.6
93802.6
92422.2
93474.8
96804.0
93469.8
94018.0
93032.4
94091.4
94397.2
94377.2
95568.8
94806.4
94377.8
94005.0
94343.8
93056.0
94405.2
94212.0
93658.0
92841.0
92550.0
92892.0
93043.8
92113.6
92651.8
96286.2
91784.8
91523.6
91414.2
91972.8
91481.4
95103.8
91491.6
90812.8
91282.0
90761.6
91018.2
91157.0
91150.6
90818.2
91082.6
90878.4
91213.8
91615.6
92240.4
91534.8
91664.8
91287.4
93018.0
93259.0
92095.8
92147.8
92652.8
92425.2
100176.2
99533.4
98390.0
101820.6
98970.0
100801.4
105477.6
101576.2
103144.2
102579.0
103666.2
104695.8
103025.8
103617.8
108137.4
101289.0
103199.0
103882.2
103790.4
105334.2
107053.6
104413.6
105515.6
103176.4
103990.8
106943.8
108699.8
105715.0
109829.8
110929.8
112769.4
115037.2
110183.6
115896.6
114765.0
117909.8
117272.0
121164.0
121396.0
118394.2
120888.8
121837.0
122470.2
126268.6
127343.6
129789.8
132953.2
136308.4
132500.6
134335.2
135519.0
137905.8
137196.8
138383.8
142803.2
143545.6
179107.0
142196.8
144965.8
141182.8
143514.0
147696.0
146114.2
146800.4
