30276617.6
15791973.0
10835306.4
8187563.0
6514119.6
5601737.4
4937058.2
4468764.0
4082616.6
3407922.4
3143985.8
2990702.8
2812045.0
2652778.8
2486101.8
2526056.6
2346501.2
2309549.6
2306227.6
2022919.2
1999185.0
1927698.6
1888968.4
1876415.6
1760719.6
1691069.6
1773893.8
1674120.2
1663303.8
1619725.6
1640720.0
1552640.6
1517266.0
1630356.0
1521285.2
1467161.8
1566531.8
1556366.6
1532931.4
1497253.0
1442492.8
1464515.2
1460682.4
1497213.0
1356398.2
1451037.4
1478654.8
1414719.0
1313205.2
1331124.2
1304757.8
1307890.2
1273247.8
1401145.2
1357058.6
1255334.2
1336348.4
1302117.0
1261519.4
1289249.4
1343878.8
1347359.0
1261924.2
1399586.0
1394030.2
1417551.6
1406639.0
1401022.0
1419938.6
1439708.2
1440298.2
1382110.6
1426014.0
1376944.0
1374823.0
1434616.0
1389337.4
1355982.0
1358494.6
1392105.4
1332964.6
1410241.0
1366163.6
1342877.6
1402332.0
1366957.2
1368982.6
1360844.0
1345046.8
1360456.6
1348108.8
1399777.4
1355358.6
1368721.4
1330878.6
1305877.6
1315672.2
1308513.8
1289622.8
1340024.8
1305902.0
1308371.0
1310487.2
1299300.0
1284292.2
1266448.6
1265029.8
1332403.8
1276182.0
1304168.0
1299616.8
1309984.4
1328629.0
1366963.0
1313307.2
1319891.0
1299386.8
1318836.6
1322876.6
1318803.2
1313676.2
1341177.2
1299999.8
1300361.4
1295010.2
1303330.0
1282794.2
1284809.6
1290687.6
1287497.4
1291306.8
1304210.2
1283716.6
1291640.8
1310982.0
1289286.0
1288548.8
1308506.8
1294042.4
1279524.0
1284898.0
1273568.2
1275258.8
1265224.2
1251769.0
1257419.6
1265048.2
1299558.6
1265356.4
1307365.4
1294592.0
1317441.2
1318595.0
1321140.6
1317141.2
1305168.4
1286864.8
1297685.2
1276302.0
1283416.8
1279820.0
1277654.8
1307260.0
1289692.4
1286022.8
1285036.6
1292322.2
1284762.0
1294282.0
1282007.2
1328583.6
1334250.6
1325352.6
1316069.4
1278724.2
1277130.4
1270700.2
1272768.2
1269093.2
1271813.4
1269068.0
1272359.6
1279246.6
1265878.4
1267041.6
1263650.0
1261410.2
1303585.8
1316144.6
1317753.4
1325399.2
1329680.6
1327738.0
1321802.4
1296782.8
1329095.2
1339583.0
1308906.0
1267816.8
1264384.4
1261497.6
1272340.2
1262885.8
1256178.2
1277649.0
1260706.8
1272811.4
1295065.2
1310729.0
1300222.6
1298106.4
1311746.4
1272703.0
1256071.4
1257675.6
1231386.6
1254324.4
1237859.6
1247445.8
1253800.0
1274154.8
1286609.4
1310849.4
1295391.0
1292740.4
1301320.4
1266186.2
1255104.2
1300524.8
1281047.2
1268980.2
1270267.2
1263098.2
1266667.6
1287043.8
1281995.6
1368692.4
1332167.0
1293417.2
1319056.4
1388842.4
1384120.6
1373305.6
1353027.8
1318645.8
1353817.2
1355546.6
1299199.2
1367532.6
1327848.8
1403803.4
1353395.2
1349484.4
1341051.4